1000
2117
819
191
857
2662
736
2594
2413
2188
1591
2656
819
2732
1974
2124
587
1162
1050
1109
1688
960
2618
574
2755
22
949
2094
1172
1438
225
1431
1618
2145
2155
158
1206
1874
1431
2576
993
2519
501
855
1801
597
1453
1755
286
2723
896
713
953
663
146
2017
2107
1170
2070
1790
1371
853
1615
2643
508
471
982
1862
2121
1223
1530
1011
1512
2102
2666
698
1857
947
1317
520
464
1242
2279
2668
525
569
1528
2349
465
239
1553
2547
777
778
2486
2666
1281
1570
691
449
806
2491
2597
2722
308
638
428
214
1081
770
2337
18
2612
1582
2232
1782
2243
561
2419
1521
643
1684
1672
361
2089
2593
1128
2701
2605
1474
1129
1790
2624
1024
2729
795
2532
36
2201
392
1264
630
2472
191
914
1106
2489
81
1039
2538
2090
1881
2314
1334
339
2131
2542
2652
1836
1584
1591
1208
591
1301
1955
2082
569
1979
1620
1652
1933
397
743
471
254
999
2104
1839
2012
2364
2490
2536
2403
919
783
928
272
493
2202
1005
2058
1109
1741
1693
1905
2700
1161
303
2319
402
2257
1506
857
2584
2465
2228
1481
1790
127
745
767
1555
636
696
1762
2160
829
946
1966
1426
1745
2649
171
1067
154
1864
1471
177
353
1126
1937
1660
1067
2555
2070
1776
2629
231
1847
541
14
1806
709
1688
689
1624
1959
302
2319
2534
1178
1507
2510
1266
818
1912
2166
664
1013
1443
629
1900
2432
1170
2334
620
2192
392
2196
1683
1359
20
1301
96
1699
1065
1186
411
912
1285
1248
1087
1278
2088
2519
2018
2105
2091
1658
2150
2285
2705
2235
1963
1329
18
279
1013
2281
713
1209
305
2374
816
797
2123
1948
1908
999
2379
1028
868
346
2626
2362
1271
1630
2322
1100
2179
1187
235
1433
2329
2426
999
2668
179
697
2679
1210
1414
1704
2363
253
576
2324
1993
642
219
644
2110
1313
2329
486
649
1391
961
1904
2084
1713
1281
753
1045
323
2564
892
1396
1564
2736
1265
1672
1111
2268
982
2030
2474
573
154
658
906
2673
2739
1740
1915
1296
1949
2681
1521
1305
2451
277
2623
1825
1243
2194
1614
861
1494
1978
2288
567
757
1020
2226
1075
535
1614
2094
295
67
443
349
1804
770
2317
2563
805
411
2054
573
2630
2181
1913
1862
1386
1403
1088
924
1613
557
2661
726
339
1571
2210
1533
1403
171
2625
1910
1244
963
2157
1192
7
2465
354
1167
1813
1074
2472
368
101
2
1034
1622
280
653
2439
2715
2192
1368
1556
2504
699
1771
1395
334
698
1569
1255
982
1283
2522
2229
84
631
163
1301
71
680
1898
817
1280
365
2001
253
1925
1723
1724
1678
2409
1737
1669
1480
1175
1793
2495
119
2649
1408
327
756
1325
2256
2131
543
301
1726
614
1177
531
380
2043
1827
2440
1744
1045
2650
1342
550
2612
112
1763
1688
1915
2466
960
816
217
147
2037
1160
2175
165
1842
1804
1475
2423
216
2277
717
2713
589
1379
2642
2040
420
887
1059
266
286
571
719
1283
131
2084
43
758
2436
371
709
1154
1766
1793
283
1048
2641
834
799
2453
2197
2057
2538
1932
74
2263
1698
1141
1196
195
476
949
1470
552
305
1340
1334
1348
2743
2065
2064
1854
2696
50
217
1528
2561
768
1313
2494
633
413
2564
591
116
2562
26
435
778
1298
2120
2208
21
2229
2625
861
1092
101
406
262
794
2595
880
1272
614
888
2019
2373
851
131
228
2234
263
1145
1414
2631
2668
1331
2713
2734
2359
1334
765
933
69
1414
407
202
1214
1803
887
2181
2428
325
1485
2438
1325
159
2225
1871
2500
1576
1230
66
95
958
2368
102
1141
296
1841
2318
1917
388
365
2006
1778
327
2617
2460
1012
785
1020
2231
2334
1343
1233
829
712
337
1743
1034
1426
1913
712
1511
2743
2177
1088
1753
1037
752
2386
2706
2277
283
123
1497
2371
2223
2307
407
354
971
2140
1194
1088
757
2501
241
446
2133
2370
2740
1207
38
2159
512
2126
267
1725
270
310
2451
340
1771
380
302
1657
1383
594
1080
1860
2300
1166
2248
2275
2179
513
2460
1723
1958
314
1027
2189
2024
610
1811
1432
1694
835
694
2673
2407
1630
622
2205
436
838
1158
450
809
1342
2638
1058
1938
1312
2410
1575
1041
1652
936
1564
1810
1314
2310
2162
2171
9
2670
2238
316
576
1318
276
2732
1741
1680
2721
124
979
142
132
211
57
2223
1090
69
163
2098
1730
1617
141
1277
2524
1702
1449
1287
2670
553
618
2480
416
2156
2660
454
556
2377
2541
1494
1423
1843
2171
954
119
1659
2069
2747
2705
1291
1425
1217
2179
563
877
1422
1302
2544
22
1945
1819
2750
1431
1525
282
920
1832
2635
1102
819
1643
1859
2027
1471
1097
797
169
1921
328
1863
1996
498
912
1565
839
1504
1601
1103
739
2275
2019
52
458
1195
2180
501
475
896
143
1013
2392
2713
2504
2614
781
2429
2308
788
219
623
1082
2669
215
2740
1178
80
1021
1685
11
2242
1229
2120
1868
754
2608
528
813
2087
1532
560
2289
2478
1336
2291
580
373
1625
938
2586
2716
2267
2073
144
2615
1883
1567
1216
2391
1823
1529
2170
1077
1334
2058
62
2450
782
1378
1269
1482
560
1142
1664
2115
1268
2250
351
385
1248
2203
1627
1935
1165
1806
1204
1285
2456
210
1757
603
258
1989
1408
1950
529
837
1861
311
1980
757
639
2291
1921
519
1946
332
1226
138
2451
2698
690
301
2688
2608
816
1633
617
1863
2724
444
1005
233
956
1999
313
1195
2371
1126
2637
